1.553
1.585
3.239
3.390
3.538
3.686
3.765
3.837
3.988
4.296
4.740
5.193
5.631
5.782
5.939
6.087
6.237
6.388
7.140
7.590
7.738
8.031
8.182
8.336
8.484
8.641
8.795
9.244
9.540
9.691
9.987
10.432
10.580
10.736
10.884
11.041
11.192
11.494
11.642
11.938
12.391
12.542
12.835
12.983
13.137
13.285
13.439
13.595
14.797
15.238
15.389
15.543
15.688
15.766
15.836
17.638
19.847
22.285
27.089
30.084
31.887
36.685
39.843
41.477
42.089
43.288
43.595
43.874
44.492
45.688
46.277
46.890
48.080
48.678
49.276
51.084
51.989
53.487
54.393
55.885
58.291
58.895
60.836
60.993
61.138
61.286
61.365
61.437
61.588
61.893
62.343
62.790
63.231
63.382
63.539
63.684
63.837
63.988
64.293
64.740
65.193
65.637
65.785
65.939
66.087
66.241
66.392
67.143
67.590
67.741
68.032
68.185
68.336
68.487
68.644
69.544
69.997
70.438
70.589
70.742
70.891
71.044
71.192
73.143
73.297
73.445
77.047
77.247
77.439
79.888
80.489
82.283
84.683
85.287
86.486
87.391
89.487
90.088
92.186
94.285
94.888
96.087
96.990
97.448
98.487
99.085
99.683
100.281
100.885
101.483
103.285
103.883
104.484
105.082
105.680
106.286
107.192
108.089
108.681
108.980
109.288
109.886
110.489
111.087
111.383
111.978
112.286
112.454
112.887
113.485
113.781
114.088
115.284
131.190
134.937
138.783
139.250
139.683
140.179
143.583
144.483
144.982
145.287
146.483
147.380
148.590
149.194
149.783
151.284
152.181
154.587
156.990
158.183
158.578
159.974
161.791
162.981
164.188
164.470
164.766
166.589
167.784
168.179
169.578
171.389
172.582
173.790
173.851
174.071
174.367
175.285
177.183
178.477
178.576
180.085
181.986
182.880
183.382
183.591
183.687
183.844
183.995
184.880
185.780
186.680
186.987
187.591
188.076
188.175
188.500
189.681
190.581
191.495
192.990
193.193
193.292
200.789
201.691
202.876
203.044
205.587
210.387
211.293
212.477
212.648
