1.564
2.328
2.476
2.775
2.923
3.222
3.370
3.527
4.270
4.420
4.719
4.870
5.169
5.317
5.619
5.767
5.924
6.078
6.670
6.818
7.120
7.268
7.570
7.718
8.020
8.168
8.324
8.478
9.070
9.218
9.520
9.668
9.970
10.118
10.420
10.568
10.725
10.879
11.471
11.619
11.921
12.069
12.370
12.518
12.820
12.968
13.125
13.279
13.874
14.019
14.321
14.469
14.774
14.922
15.224
15.369
15.528
19.830
22.268
22.570
23.766
24.657
24.973
27.072
27.371
28.566
28.865
29.457
29.771
30.073
32.168
33.367
34.575
36.969
38.168
39.375
41.468
42.072
42.675
42.977
43.868
44.472
46.269
46.872
47.476
47.775
48.065
48.666
49.270
50.173
51.072
51.371
51.679
51.975
52.567
53.473
53.772
54.076
54.375
54.970
55.873
56.172
57.368
58.279
60.076
60.375
60.523
60.825
60.970
61.127
61.280
61.870
62.018
62.319
62.470
62.769
62.920
63.219
63.367
63.527
63.678
64.270
64.421
64.720
64.868
65.173
65.318
65.622
65.771
65.927
66.081
66.673
66.818
67.123
67.268
67.570
67.718
68.020
68.168
68.328
68.479
69.074
69.222
69.523
69.671
69.973
70.121
70.423
70.571
70.731
71.480
71.625
72.075
72.528
72.977
77.044
77.174
77.430
80.167
81.374
82.260
82.573
84.965
86.175
86.468
87.060
87.368
89.765
90.976
91.844
92.172
94.566
95.774
96.969
99.071
99.370
99.669
100.272
100.876
101.471
101.770
103.271
103.872
104.171
104.472
105.073
105.665
106.272
106.571
106.876
107.778
108.672
108.963
109.273
109.877
110.173
110.481
111.073
111.366
111.972
112.277
112.872
113.470
113.766
114.074
114.974
115.270
115.873
135.036
137.764
138.664
138.966
140.167
142.565
143.467
143.766
144.968
146.471
147.365
147.676
148.265
148.567
149.174
149.766
151.275
152.163
152.480
153.066
153.368
153.972
154.567
156.366
156.979
158.163
158.566
158.764
159.071
159.962
161.164
161.779
162.963
163.564
164.177
164.470
164.763
165.965
166.577
167.764
168.168
168.365
168.673
169.564
170.762
171.378
172.562
173.166
173.775
174.068
174.364
174.974
175.267
176.164
177.067
177.366
178.564
179.772
180.965
181.864
182.166
183.362
184.573
184.869
185.763
186.076
186.665
186.964
187.574
187.873
188.073
188.166
189.370
189.666
190.563
190.880
191.472
191.768
192.374
192.967
194.171
195.367
196.420
196.566
197.764
198.365
198.966
199.877
200.165
200.766
201.215
201.363
201.665
202.284
202.565
202.870
203.764
204.678
204.963
205.563
206.013
206.164
207.081
207.363
207.964
208.565
209.479
209.763
210.364
210.814
210.965
211.267
211.882
212.164
212.471
