1.579
3.692
3.843
3.991
5.634
5.785
5.944
6.089
8.037
8.185
8.342
8.490
10.434
10.585
10.742
10.890
12.838
12.989
13.142
13.291
41.480
43.877
46.280
48.681
49.281
51.087
55.890
61.292
61.440
63.237
63.385
63.544
63.689
65.643
65.794
65.945
66.093
68.034
68.493
77.053
77.441
100.284
103.291
104.490
105.088
105.686
108.687
111.984
115.293
145.293
146.492
151.293
159.980
164.473
164.769
166.597
168.185
169.584
174.071
174.367
178.582
183.594
183.693
184.886
186.683
188.082
188.180
189.684
202.879
212.480
