1.567
3.373
4.272
4.420
4.722
4.870
5.172
5.320
5.622
5.770
5.927
6.673
6.821
7.123
7.268
7.573
7.721
8.022
8.171
8.330
9.076
9.218
9.523
9.671
9.970
10.118
10.420
10.568
10.728
11.474
11.619
11.923
12.069
12.370
12.518
12.823
12.971
13.128
14.022
14.324
14.472
14.922
15.372
19.833
23.771
24.662
28.569
33.370
38.174
41.471
42.077
43.871
46.272
48.672
49.273
51.075
52.570
55.876
57.374
60.526
60.973
61.872
62.020
62.322
62.470
62.772
62.920
63.222
63.370
63.530
64.273
64.421
64.723
64.871
65.173
65.321
65.625
65.771
65.930
66.821
67.126
67.271
67.573
67.721
68.023
68.171
69.224
69.674
70.124
70.577
77.433
80.167
84.968
89.765
94.566
99.074
99.675
100.275
101.474
103.874
104.475
105.076
106.275
108.672
108.965
109.276
111.076
111.369
113.473
113.766
114.077
137.764
138.670
138.969
140.170
142.565
143.470
143.769
144.968
147.365
148.570
149.772
152.163
153.368
154.572
156.366
158.163
158.569
158.764
159.962
161.164
161.785
162.966
163.564
164.473
164.766
165.965
166.583
167.764
168.171
168.365
169.564
170.762
172.565
173.166
174.071
174.367
176.164
177.067
177.369
178.567
180.965
181.867
182.169
183.365
185.765
186.668
186.967
188.166
190.563
191.475
191.771
192.969
195.370
196.566
197.764
198.368
198.966
199.883
200.165
200.766
201.215
201.363
202.565
202.873
203.764
204.681
204.963
205.563
206.016
206.164
207.366
207.964
208.565
209.482
209.763
210.364
210.817
210.965
212.164
212.471
