1.080
1.530
1.991
2.441
2.891
3.341
3.796
4.241
4.690
5.137
5.581
5.901
6.345
6.789
7.236
7.686
8.139
8.673
9.186
9.636
10.086
10.539
11.070
11.587
12.037
12.487
12.939
13.470
13.987
14.440
14.890
15.340
15.798
16.242
16.695
17.145
17.592
18.042
18.498
18.965
19.389
19.801
20.257
20.721
21.203
21.635
22.085
22.535
22.933
23.330
23.737
24.178
24.631
25.086
25.530
26.001
26.436
26.883
27.333
27.733
28.131
28.537
28.981
29.428
29.881
30.328
30.798
31.234
31.684
32.134
32.537
32.943
33.338
33.779
34.235
34.725
35.228
35.738
36.191
36.644
37.094
37.544
37.985
38.432
38.891
39.340
39.805
40.252
40.702
41.149
41.599
42.046
42.504
42.940
43.395
43.842
44.443
44.907
45.343
45.796
46.237
46.637
47.038
47.447
47.885
48.347
48.797
49.238
49.688
50.141
50.602
51.040
51.493
51.940
52.387
52.843
53.301
53.740
54.192
54.642
55.098
55.548
56.001
56.445
56.889
57.339
57.794
58.244
58.683
59.147
59.594
60.041
60.491
60.941
61.396
61.841
62.290
62.740
63.181
63.504
63.948
64.389
64.839
65.289
65.741
66.273
66.786
67.239
67.689
68.139
68.673
69.190
69.640
70.089
70.542
71.070
71.590
72.043
72.493
72.943
73.398
73.845
74.295
74.745
75.195
75.651
76.109
76.571
77.006
77.404
77.859
78.324
78.806
79.241
79.685
80.132
80.536
80.939
81.342
81.801
82.233
82.686
83.130
83.606
84.042
84.489
84.933
85.336
85.743
86.143
86.608
87.034
87.481
87.931
88.404
88.840
89.287
89.734
90.140
90.540
90.944
91.400
91.818
92.276
92.738
93.208
93.643
94.090
94.534
95.004
95.449
95.887
96.342
96.798
97.248
97.689
98.136
98.604
99.048
99.640
100.095
100.542
101.007
101.442
101.898
102.339
102.803
103.242
103.692
104.139
104.606
105.044
105.485
105.947
106.397
106.844
107.294
107.741
108.202
108.643
109.238
109.694
110.141
110.605
111.044
111.499
111.940
112.405
112.843
113.290
113.731
114.129
114.535
114.942
115.403
115.844
116.294
116.738
117.188
117.638
118.094
118.555
119.002
119.452
119.902
120.352
120.805
121.263
121.713
122.160
122.607
123.040
123.478
123.934
124.395
124.833
125.289
125.753
126.189
126.639
127.086
127.536
127.985
128.438
128.894
129.344
129.794
130.244
130.694
131.140
131.547
131.988
132.435
132.882
133.320
133.756
134.191
134.589
135.007
135.462
135.924
136.414
136.844
137.311
137.735
138.217
138.643
139.111
139.549
140.028
140.460
140.887
141.337
141.758
142.141
142.536
143.015
143.441
143.888
144.347
144.803
145.247
145.656
146.056
146.448
146.910
147.334
147.812
148.239
148.709
149.145
149.600
150.050
150.460
150.866
151.249
151.693
152.131
152.567
153.037
153.484
153.940
154.395
154.851
155.341
155.832
156.331
156.787
157.248
157.684
158.128
158.540
159.042
159.483
159.927
160.325
160.726
161.132
161.585
162.046
162.493
162.934
163.387
163.846
164.270
164.728
165.132
165.532
165.933
166.394
166.850
167.291
167.729
168.139
168.641
169.088
169.529
169.929
170.327
170.731
171.192
171.648
172.089
172.536
172.989
173.447
173.871
174.330
174.806
175.241
175.708
176.135
176.617
177.043
177.508
177.949
178.431
178.858
179.273
179.734
180.152
180.535
180.933
181.415
181.841
182.285
182.741
183.147
183.560
183.960
184.416
184.842
185.307
185.734
186.212
186.639
187.109
187.545
188.032
188.453
188.871
189.336
189.745
190.137
190.534
190.970
191.440
191.887
192.342
192.801
193.248
193.689
194.139
194.592
195.051
195.498
195.936
196.383
196.836
197.288
197.732
198.133
198.534
198.934
199.381
199.845
200.292
200.734
201.178
201.633
202.086
202.527
202.844
203.288
203.732
204.182
204.646
205.093
205.531
205.978
206.437
206.881
207.328
207.729
208.123
208.533
208.985
209.447
209.894
210.332
210.779
211.235
211.676
212.129
